0 0 77
0 0 105
0 0 97
0 0 -59
0 0 -126
0 0 101
0 0 109
0 0 32
0 0 114
0 0 111
0 0 98
0 0 105
0 0 -60
0 0 -121
0 0 32
0 0 109
0 0 97
0 0 112
0 0 -60
0 0 -103
0 0 32
0 0 119
0 0 99
0 0 122
0 0 111
0 0 114
0 0 97
0 0 106
0 0 44
0 0 32
0 0 110
0 0 105
0 0 101
0 0 32
0 0 99
0 0 104
0 0 99
0 0 105
0 0 97
0 0 -59
0 0 -126
0 0 111
0 0 32
0 0 109
0 0 105
0 0 32
0 0 115
0 0 105
0 0 -60
0 0 -103
0 0 32
0 0 98
4 2 115
0 0 105
0 0 -59
0 0 -126
0 0 32
0 0 110
0 0 105
0 0 101
0 0 32
0 0 109
0 0 105
0 0 97
5 2 101
0 0 109
0 0 32
0 0 107
0 0 97
0 0 114
0 0 110
0 0 -60
0 0 -123
4 5 115
0 0 105
0 0 -60
0 0 -103
0 0 32
0 0 110
0 0 97
0 0 32
0 0 49
0 0 57
0 0 51
0 0 32
0 0 105
0 0 32
0 0 116
0 0 121
0 0 108
0 0 101
0 0 44
0 0 32
1 2 100
0 0 122
0 0 105
0 0 -59
0 0 -101
0 0 32
0 0 99
0 0 104
0 0 99
0 0 105
0 0 97
0 0 -59
0 0 -126
0 0 101
0 0 109
0 0 32
0 0 105
0 0 32
0 0 122
0 0 110
0 0 -61
0 0 -77
0 0 119
0 0 32
0 0 112
0 0 108
0 0 97
0 0 110
0 0 121
0 0 32
0 0 115
0 0 105
0 0 -60
0 0 -103
4 2 111
0 0 107
0 0 114
0 0 122
0 0 121
0 0 -59
0 0 -68
0 0 111
0 0 119
0 0 97
0 0 -59
0 0 -126
0 0 121
0 0 32
0 0 88
0 0 68
